[[[0.         0.         0.        ]
  [0.         0.         0.        ]
  [0.         0.         0.        ]
  ...
  [0.         0.         0.        ]
  [0.         0.         0.        ]
  [0.         0.         0.        ]]

 [[0.         0.         0.        ]
  [0.         0.         0.        ]
  [0.         0.         0.        ]
  ...
  [0.         0.         0.        ]
  [0.         0.         0.        ]
  [0.         0.         0.        ]]

 [[0.         0.         0.        ]
  [0.         0.         0.        ]
  [0.         0.         0.        ]
  ...
  [0.         0.         0.        ]
  [0.         0.         0.        ]
  [0.         0.         0.        ]]

 ...

 [[0.22783286 0.106322   0.22783286]
  [0.22798299 0.10639206 0.22798299]
  [0.2281333  0.1064622  0.2281333 ]
  ...
  [0.28032552 0.13081857 0.28032552]
  [0.28052857 0.13091333 0.28052857]
  [0.2276829  0.10625202 0.2276829 ]]

 [[0.22800842 0.10640393 0.22800842]
  [0.22815777 0.10647363 0.22815777]
  [0.22830729 0.1065434  0.22830729]
  ...
  [0.28017425 0.13074798 0.28017425]
  [0.2803759  0.13084209 0.2803759 ]
  [0.22785924 0.10633431 0.22785924]]

 [[0.22818176 0.10648482 0.22818176]
  [0.22833033 0.10655416 0.22833033]
  [0.22847907 0.10662357 0.22847907]
  ...
  [0.28002459 0.13067814 0.28002459]
  [0.28022487 0.13077161 0.28022487]
  [0.22803336 0.10641557 0.22803336]]]
